                          10  10  10  10  10  10  10  10  10  10  10  10  10  10  10  10  10  10  10  10  10  10  10  10  10  10  10  10  10  10  10  10  10  10  10  10  10  2  2  2  2  2  2  2  2  2  2  2  2  2  2  2  2  2  2  2  2  2  2  2  2  2  2  2  2  2  2  2  2  2  2  2  2  2  2  2  2  2  2  2  2  2  2  5317  5317  5317  5412  2  2  2  2  2  2  2  2  2  2  2  2  2  
                          10  10  10  10  10  10  10  10  10  10  10  10  10  10  10  10  10  10  10  10  10  10  10  10  10  10  10  10  10  10  10  10  10  10  10  10  10  10  2  2  2  2  2  2  2  2  2  2  2  2  2  2  2  2  2  2  2  2  2  2  2  2  2  2  2  2  2  2  2  2  2  2  2  2  2  2  2  2  2  2  2  2  2  5317  5317  5317  5317  2  2  2  2  2  3  3  3  3  3  3  2  2  
                          10  10  10  10  10  10  10  10  10  10  10  10  10  10  10  10  10  10  10  10  10  10  10  10  10  10  10  9  9  9  9  9  9  9  9  10  10  10  2  2  2  2  2  2  2  2  2  2  2  2  2  2  2  2  2  2  2  2  2  2  2  2  2  2  2  2  2  2  2  2  2  2  2  2  2  2  2  2  2  2  2  2  2  2  5317  5317  5317  2  2  2  2  2  2  2  2  2  2  2  2  2  
                          10  10  10  10  10  10  10  10  10  10  10  10  10  10  10  10  10  10  10  10  10  10  10  10  10  10  10  10  10  10  10  10  10  10  10  10  10  10  2  2  2  2  2  2  2  2  2  2  2  2  2  2  2  2  2  2  2  2  2  2  2  2  2  2  2  2  2  2  2  2  2  2  2  2  2  2  2  2  2  2  2  2  2  5317  5317  5317  5317  2  2  2  2  2  2  2  2  2  2  2  2  2  
                          10  10  10  10  10  10  10  10  10  10  10  10  10  10  10  10  10  10  10  10  10  10  10  10  10  10  10  10  10  10  10  10  10  10  10  10  10  10  2  2  2  2  2  2  2  2  2  2  2  2  2  2  2  2  2  2  2  2  2  2  2  2  2  2  2  2  2  2  2  2  2  2  2  2  2  2  2  2  2  2  2  2  2  2  5317  5317  5317  5317  5317  2  2  2  2  2  2  2  2  2  2  2  
                          10  10  10  10  10  10  10  10  10  10  10  10  10  10  10  10  10  10  10  10  10  10  10  10  10  10  10  10  10  10  10  10  10  10  10  10  10  10  10  2  2  2  2  2  2  2  2  2  2  2  2  2  2  2  2  2  2  2  2  2  2  2  2  2  2  2  2  2  2  2  2  2  2  2  2  2  2  2  2  2  2  2  2  2  2  5317  5317  5317  5317  2  2  2  2  2  2  2  2  2  2  2  
                          10  10  10  10  10  10  10  10  10  10  10  10  10  10  10  10  10  10  10  10  10  10  10  10  10  10  10  10  10  10  10  10  10  10  10  10  10  10  10  10  2  2  2  2  2  2  2  2  2  2  2  2  2  2  2  2  2  2  2  2  2  2  2  2  2  2  2  2  2  2  2  2  2  2  2  2  2  2  2  2  2  2  2  2  2  2  5317  5317  5317  5317  5317  5317  2  2  2  2  2  2  2  2  
                          10  10  10  10  10  10  10  10  10  10  10  10  10  10  10  10  10  10  10  10  10  10  10  10  10  10  10  10  10  10  10  10  10  10  10  10  10  10  10  10  2  2  2  2  2  2  2  2  2  2  2  2  2  2  2  2  2  2  2  2  2  2  2  2  2  2  2  2  2  2  2  2  2  2  2  2  2  2  2  2  2  2  2  2  2  2  5317  5317  5317  5317  5317  5317  5317  5317  2  2  2  2  2  2  
                          10  10  10  10  10  10  10  10  10  10  10  10  10  10  10  10  10  10  10  10  10  10  10  10  10  10  10  10  10  10  10  10  10  10  10  10  10  10  10  10  2  2  2  2  2  2  2  2  2  2  2  2  2  2  2  2  2  2  2  2  2  2  2  2  2  2  2  2  2  2  2  2  2  2  2  2  2  2  2  2  2  2  2  2  2  2  2  5317  5317  5317  5317  5317  5317  5317  2  2  2  2  2  2  
                          10  10  10  10  10  10  10  10  10  10  10  10  10  10  10  10  10  10  10  10  10  10  10  10  10  10  10  10  10  10  10  10  10  10  10  10  10  10  10  10  10  2  2  2  2  2  2  2  2  2  2  2  2  2  2  2  2  2  2  2  2  2  2  2  2  2  2  2  2  2  2  2  2  2  2  2  2  2  2  2  2  2  2  2  2  2  2  5317  5317  5317  5317  5317  5317  2  2  2  2  2  2  2  
                          10  10  10  10  10  10  10  10  10  10  10  10  10  10  10  10  10  10  10  10  10  10  10  10  10  10  10  10  10  10  10  10  10  10  10  10  10  10  10  10  10  2  2  2  2  2  2  2  2  2  2  2  2  2  2  2  2  2  2  2  2  2  2  2  2  2  2  2  2  2  2  2  2  2  2  2  2  2  2  2  2  2  2  2  2  2  2  2  5317  5317  5317  5317  5317  5317  5317  2  2  2  2  2  
                          10  10  10  10  10  10  10  10  10  10  10  10  10  10  10  10  10  10  10  10  10  10  10  10  10  10  10  10  10  10  10  10  10  10  10  10  10  10  10  10  10  2  2  2  2  2  2  2  2  2  2  2  2  2  2  2  2  2  2  2  2  2  2  2  2  2  2  2  2  2  2  2  2  2  2  2  2  2  2  2  2  2  2  2  2  2  2  2  2  2  2  5317  5317  5317  5317  5317  2  2  2  2  
                          10  10  10  10  10  10  10  10  10  10  10  10  10  10  10  10  10  10  10  10  10  10  10  10  10  10  10  10  10  10  10  10  10  10  10  10  10  10  10  10  10  10  2  2  2  2  2  2  2  2  2  2  2  2  2  2  2  2  2  2  2  2  2  2  2  2  2  2  2  2  2  2  2  2  2  5202  5202  5202  2  2  2  2  2  2  2  2  2  2  2  2  2  2  2  5317  5317  5317  5317  5317  5317  5317  
                          10  10  10  10  10  10  10  10  10  10  10  10  10  10  10  10  10  10  10  10  10  10  10  10  10  10  10  10  10  10  10  10  10  10  10  10  10  10  10  10  10  10  2  2  2  2  2  2  2  2  2  2  2  2  2  2  2  2  2  2  2  2  2  2  2  2  2  2  2  2  2  2  5202  5202  5202  5202  5202  5202  5202  5202  5202  5202  5202  5202  5202  5202  5202  5202  2  2  2  2  2  2  5317  5317  5317  5317  5317  5317  
                          10  10  10  10  10  10  10  10  10  10  10  10  10  10  10  10  10  10  10  10  10  10  10  10  10  10  10  10  10  10  10  10  10  10  10  10  10  10  10  10  10  10  2  2  2  2  2  2  2  2  2  2  2  2  2  2  2  2  2  2  2  2  2  2  2  2  2  2  2  2  5202  5202  5202  5202  5202  5202  5202  5202  5202  5202  5202  5202  5202  5202  5202  5202  5202  5202  5202  5202  5202  5202  5202  2  2  2  5317  5317  5317  5317  
                          10  10  10  10  10  10  10  10  10  10  10  10  10  10  10  10  10  10  10  10  10  10  10  10  10  10  10  10  10  10  10  10  10  10  10  10  10  10  10  10  10  10  2  2  2  2  2  2  2  2  2  2  2  2  2  2  2  2  2  2  2  2  2  2  2  2  2  2  2  2  5202  5202  5202  5202  5202  5202  5202  5202  5202  5202  5202  5202  5202  5202  5202  5202  5202  5202  5202  5202  5202  5202  5202  5202  2  2  2  2  2  2  
                          10  10  10  10  10  10  10  10  10  10  10  10  10  10  10  10  10  10  10  10  10  10  10  10  10  10  10  10  10  10  10  10  10  10  10  10  10  10  10  10  10  10  10  2  2  2  2  2  2  2  2  2  2  2  2  2  2  2  2  2  2  2  2  2  2  2  2  2  2  2  5202  5202  5202  5202  5202  5202  5202  5202  5202  5202  5202  5202  5202  5202  5202  5202  5202  5202  5202  5202  5202  5226  5202  5202  5226  2  2  2  2  2  
                          10  10  10  10  10  10  10  10  10  10  10  10  10  10  10  10  10  10  10  10  10  10  10  10  10  10  10  10  10  10  10  10  10  10  10  10  10  10  10  10  10  10  10  2  2  2  2  2  2  2  2  2  2  2  2  2  2  2  2  2  2  2  2  2  2  2  2  2  2  2  5202  5202  5202  5202  5202  5202  5202  5202  5202  5202  5202  5202  5202  5202  5202  5202  5202  5202  5202  5202  5202  5202  5202  5202  5202  5202  2  2  2  2  
                          10  10  10  10  10  10  10  10  10  10  10  10  10  10  10  10  10  10  10  10  10  10  10  10  10  10  10  10  10  10  10  10  10  10  10  10  10  10  10  10  10  10  10  2  2  2  2  2  2  2  2  2  2  2  2  2  2  2  2  2  2  2  2  2  2  2  2  2  2  2  5202  5202  5202  5202  5202  5202  5202  5202  5202  5202  5202  5202  5202  5202  5202  5202  5202  5202  5202  5202  5202  5202  5202  5202  5202  5202  2  2  2  2  
                          10  10  10  10  10  10  10  10  10  10  10  10  10  10  10  10  10  10  10  10  10  10  10  10  10  10  10  10  10  10  10  10  10  10  10  10  10  10  10  10  10  10  10  2  2  2  2  2  2  2  2  2  2  2  2  2  2  2  2  2  2  2  2  2  2  2  2  2  2  2  5202  5202  5202  5202  5202  5202  5202  5202  5202  5202  5202  5202  5202  5202  5202  5202  5202  5202  5202  5202  5202  5226  5202  5202  5202  5202  2  2  2  2  
                          10  10  10  10  10  10  10  10  10  10  10  10  10  10  10  10  10  10  10  10  10  10  10  10  10  10  10  10  10  10  10  10  10  10  10  10  10  10  10  10  10  10  10  2  2  2  2  2  2  2  2  2  2  2  2  2  2  2  2  2  2  2  2  2  2  2  2  2  2  2  5202  5202  5202  5202  5202  5202  5202  5202  5202  5202  5202  5202  5202  5202  5202  5202  5202  5202  5202  5202  5202  5202  5202  5202  5202  5202  2  2  2  2  
                          10  10  10  10  10  10  10  10  10  10  10  10  10  10  10  10  10  10  10  10  10  10  10  10  10  10  10  10  10  10  10  10  10  10  10  10  10  10  10  10  10  10  10  2  2  2  2  2  2  2  2  2  2  2  2  2  2  2  2  2  2  2  2  2  2  2  2  2  2  2  5202  5202  5202  5202  5202  5202  5202  5202  5202  5202  5202  5202  5202  5202  5202  5202  5202  5202  5202  5202  5202  5202  5202  5202  5202  5202  2  2  2  2  
                          10  10  10  10  10  10  10  10  10  10  10  10  10  10  10  10  10  10  10  10  10  10  10  10  10  10  10  10  10  10  10  10  10  10  10  10  10  10  10  10  10  10  2  2  2  2  2  2  2  2  2  2  2  2  2  2  2  2  2  2  2  2  2  2  2  2  2  2  2  2  5202  5202  5202  5202  5202  5202  5202  5202  5202  5202  5202  5202  5202  5202  5202  5202  5202  5202  5202  5226  5202  5202  5202  5202  5202  5202  2  2  2  2  
                          10  10  10  10  10  10  10  10  10  10  10  10  10  10  10  10  10  10  10  10  10  10  10  10  10  10  10  10  10  10  10  10  10  10  10  10  10  10  10  10  10  10  2  2  2  2  2  2  2  2  2  2  2  2  2  2  2  2  2  2  2  2  2  2  2  2  2  2  2  2  5202  5202  5202  5202  5202  5202  5202  5202  5202  5202  5202  5202  5202  5202  5202  5202  5202  5202  5202  5202  5202  5202  5202  5202  5202  5202  2  2  2  2  
                          10  10  10  10  10  10  10  10  10  10  10  10  10  10  10  10  10  10  10  10  10  10  10  10  10  10  10  10  10  10  10  10  10  10  10  10  10  10  10  10  10  10  2  2  2  2  2  2  2  2  2  2  2  2  2  2  2  2  2  2  2  2  2  2  2  2  2  2  2  2  5202  5202  5202  5202  5202  5202  5202  5202  5202  5202  5202  5202  5202  5202  5202  5202  5202  5202  5202  5202  5202  5202  5202  5202  5202  5202  2  2  2  2  
                          10  10  10  10  10  10  10  10  10  10  10  10  10  10  10  10  10  10  10  10  10  10  10  10  10  10  10  10  10  10  10  10  10  10  10  10  10  10  10  10  10  10  2  2  2  2  2  2  2  2  2  2  2  2  2  2  2  2  2  2  2  2  2  2  2  2  2  2  2  2  5202  5202  5202  5202  5202  5202  5202  5202  5202  5202  5202  5202  5202  5202  5202  5202  5202  5202  5202  5202  5202  5202  5202  5202  5202  5202  2  2  2  2  
                          10  10  10  10  10  10  10  10  10  10  10  10  10  10  10  10  10  10  10  10  10  10  10  10  10  10  10  10  10  10  10  10  10  10  10  10  10  10  10  10  10  2  2  2  2  2  2  2  2  2  2  2  2  2  2  2  2  2  2  2  2  2  2  2  2  2  2  2  2  2  5202  5202  5202  5202  5202  5202  5202  5202  5202  5202  5202  5202  5202  5202  5202  5202  5202  5202  5202  5202  5202  5202  5202  5226  5202  5202  2  2  2  2  
                          10  10  10  10  10  10  10  10  10  10  10  10  10  10  10  10  10  10  10  10  10  10  10  10  10  10  10  10  10  10  10  10  10  10  10  10  10  10  10  10  10  2  2  2  2  2  2  2  2  2  2  2  2  2  2  2  2  2  2  2  2  2  2  2  2  2  2  2  2  2  5202  5202  5202  5202  5202  5202  5202  5202  5202  5202  5202  5202  5202  5202  5202  5202  5202  5202  5202  5202  5226  5226  5226  5202  5202  5202  2  2  2  2  
                          10  10  10  10  10  10  10  10  10  10  10  10  10  10  10  10  10  10  10  10  10  10  10  10  10  10  10  10  10  10  10  10  10  10  10  10  10  10  10  10  2  2  2  2  2  2  2  2  2  2  2  2  2  2  2  2  2  2  2  2  2  2  2  2  2  2  2  2  2  2  5202  5202  5202  5202  5202  5202  5202  5202  5202  5202  5202  5202  5202  5202  5202  5202  5202  5202  5202  5226  5226  5226  5202  5202  5202  5202  2  2  2  2  
                          10  10  10  10  10  10  10  10  10  10  10  10  10  10  10  10  10  10  10  10  10  10  10  10  10  10  10  10  10  10  10  10  10  10  10  10  10  10  10  2  2  2  2  2  2  2  2  2  2  2  2  2  2  2  2  2  2  2  2  2  2  2  2  2  2  2  2  2  2  2  2  5202  5202  5202  5202  5202  5202  5202  5202  5202  5202  5202  5202  5202  5202  5202  5202  5202  5202  5202  5226  5226  5202  5202  5202  5202  2  2  2  2  
                          10  10  10  10  10  10  10  10  10  10  10  10  10  10  10  10  10  10  10  10  10  10  10  10  10  10  10  10  10  10  10  10  10  10  10  10  10  10  2  2  2  2  2  2  2  2  2  2  2  2  2  2  2  2  2  2  2  2  2  2  2  2  2  2  2  2  2  2  2  2  2  5202  5202  5202  5202  5202  5202  5202  5202  5202  5202  5202  5202  5202  5202  5202  5202  5202  5202  5202  5202  5202  5202  5202  5202  5202  7  7  7  7  
                          10  10  10  10  10  10  10  10  10  10  10  10  10  10  10  10  10  10  10  10  10  10  10  10  10  10  10  10  10  10  10  10  10  10  10  10  10  2  2  2  2  2  2  2  2  2  2  2  2  2  2  2  2  2  2  2  2  2  2  2  2  2  2  2  2  2  2  2  2  2  2  5202  5202  5202  5202  5202  5202  5202  5202  5202  5202  5202  5202  5202  5202  5202  5202  5202  5202  7  7  7  7  7  7  7  7  7  7  7  
                          10  10  10  10  10  10  10  10  10  10  10  10  10  10  10  10  10  10  10  10  10  10  10  10  10  10  10  10  10  10  10  10  10  10  10  2  2  2  2  2  2  2  2  2  2  2  2  2  2  2  2  2  2  2  2  2  2  2  2  2  2  2  2  2  2  2  2  2  2  2  2  2  5202  5202  5202  5202  5202  5202  5202  5202  5202  5202  5202  5202  5202  5202  5202  7  7  7  7  7  7  7  7  7  7  7  7  7  
                          10  10  10  10  10  10  10  10  10  10  10  10  10  10  10  10  10  10  10  10  10  10  10  10  10  10  10  10  10  10  10  10  10  2  2  2  2  2  2  2  2  2  2  2  2  2  2  2  2  2  2  2  2  2  2  2  2  2  2  2  2  2  2  2  2  2  2  2  2  2  2  2  5202  5202  5202  5202  5202  5202  5202  5202  5202  5202  5202  5202  5202  5202  7  7  7  7  7  7  7  7  7  7  7  7  7  7  
                          10  3  10  10  10  10  10  10  10  10  10  10  10  10  10  10  10  10  10  10  10  10  10  10  10  10  10  10  10  10  10  2  2  2  2  2  2  2  2  2  2  2  2  2  2  2  2  2  2  2  2  2  2  2  2  2  2  2  2  2  2  2  2  2  2  2  2  2  2  2  2  2  5202  5202  5202  5202  5202  5202  5202  5202  5202  5202  5202  5202  5202  7  7  7  7  7  7  7  7  7  7  7  7  7  7  7  
                          10  10  10  10  10  10  10  10  10  10  10  10  10  10  10  10  10  10  10  10  10  10  10  10  10  10  10  10  2  2  2  2  2  2  2  2  2  2  2  2  2  2  2  2  2  2  2  2  2  2  2  2  2  2  2  2  2  2  2  2  2  2  2  2  2  2  2  2  2  2  2  2  2  5202  5202  5202  5202  5202  5202  5202  5202  5202  5202  7  7  7  7  7  7  7  7  7  7  7  7  7  7  7  7  7  
                          10  10  10  10  10  10  10  10  10  10  10  10  10  10  10  10  10  10  10  10  10  10  10  10  10  2  2  2  2  2  2  2  2  2  2  2  2  2  2  2  2  2  2  2  2  2  2  2  2  2  2  2  2  2  2  2  2  2  2  2  2  2  2  2  2  2  2  2  2  2  2  2  2  5202  5202  5202  5202  5202  5202  5202  5202  5202  5202  7  7  7  7  7  7  24  24  24  7  7  7  7  7  7  7  7  
                          3  3  3  3  3  3  10  10  10  10  10  10  10  10  10  10  10  10  10  10  2  2  2  2  2  2  2  2  2  2  2  2  2  2  2  2  2  2  2  2  2  2  2  2  2  2  2  2  2  2  2  2  2  2  2  2  2  2  2  2  2  2  2  2  2  2  2  2  2  2  2  2  2  2  2  2  2  2  2  2  2  2  2  7  7  7  7  4505  4505  4505  4505  4505  4505  4505  4505  4505  4505  4505  4505  4505  
                          3  3  3  3  3  3  3  3  3  3  3  3  3  3  3  3  3  3  2  2  2  2  2  2  2  2  2  2  2  2  2  2  2  2  2  2  2  2  2  2  2  2  2  2  2  2  2  2  2  2  2  2  2  2  2  2  2  2  2  2  2  2  2  2  2  2  2  2  2  2  2  2  2  2  2  2  2  2  2  2  2  2  2  7  7  7  4505  4505  7  7  7  7  7  7  7  7  7  7  7  7  
                          3  3  3  3  3  3  3  3  3  3  3  3  3  3  3  3  3  3  2  2  2  2  2  2  2  2  2  2  2  2  2  2  2  2  2  2  2  2  2  2  2  2  2  2  2  2  2  2  2  2  2  2  2  2  2  2  2  2  2  2  2  2  2  2  2  2  2  2  2  2  2  2  2  2  2  2  2  2  2  2  2  2  2  7  7  7  4505  7  7  4819  4819  4819  4819  4819  4819  4819  4819  4819  4819  4819  
                          3  3  3  3  3  3  3  3  3  3  3  3  3  3  3  3  3  3  3  2  2  2  2  2  2  2  2  2  2  2  2  2  2  2  2  2  2  2  2  2  2  2  2  2  2  2  2  2  2  2  2  2  2  2  2  2  2  2  2  2  2  2  2  2  2  2  2  2  2  2  2  2  2  2  2  2  2  2  2  2  2  2  7  7  7  7  4505  7  4819  4819  4819  4819  4819  4819  4819  4819  4819  4819  4819  4819  
                          3  3  3  3  3  3  3  3  3  3  3  3  3  3  3  3  3  3  3  2  2  2  2  2  2  2  2  2  2  2  2  2  2  2  2  2  2  2  2  2  2  2  2  2  2  2  2  2  2  2  2  2  2  2  2  2  2  2  2  2  2  2  2  2  2  2  2  2  2  2  2  2  2  2  2  2  2  2  2  2  2  7  7  7  7  4505  4505  7  4819  4819  4819  4819  4819  4819  4819  4819  4819  4819  4819  4819  
                          3  3  3  3  3  3  3  3  3  3  3  3  3  3  3  3  3  3  3  3  2  2  2  2  2  2  2  2  2  2  2  2  2  2  2  2  2  2  2  2  2  2  2  2  2  2  2  2  2  2  2  2  2  2  2  2  2  2  2  2  2  2  2  2  2  2  2  2  2  2  2  2  2  2  2  2  2  2  2  2  2  7  7  7  7  4505  4505  7  4819  4819  4819  4819  4819  4819  4819  4819  4819  4819  4819  4819  
                          3  3  3  3  3  3  3  3  3  3  3  3  3  3  3  3  3  3  3  3  3  2  2  2  2  2  2  2  2  2  2  2  2  2  2  2  2  2  2  2  2  2  2  2  2  2  2  2  2  2  2  2  2  2  2  2  2  2  2  2  2  2  2  2  2  2  2  2  2  2  2  2  2  2  2  2  2  2  2  2  2  7  7  7  7  4505  7  4819  4819  4819  4819  4819  4819  4819  4819  4819  4819  4819  4819  4819  
                          3  3  3  3  3  3  3  3  3  3  3  3  3  3  3  3  3  3  3  3  3  3  2  2  2  2  2  2  2  2  2  2  2  2  2  2  2  2  2  2  2  2  2  2  2  2  2  2  2  2  2  2  2  2  2  2  2  2  2  2  2  2  2  2  2  2  2  2  2  2  2  2  2  2  2  2  2  2  2  2  2  7  7  7  7  4505  7  4819  4819  4819  4819  4819  4819  4505  4505  4505  4819  4819  4819  4819  
                          3  3  3  3  3  3  3  3  3  3  3  3  3  3  3  3  3  3  3  3  3  3  3  2  2  2  2  2  2  2  2  2  2  2  2  2  2  2  2  2  2  2  2  2  2  2  2  2  2  2  2  2  2  2  2  2  2  2  2  2  2  2  2  2  2  2  2  2  2  2  2  2  2  2  2  2  2  2  2  2  2  7  7  7  7  4505  7  4819  4819  4819  4819  4819  4505  4505  4505  4505  4505  4819  4819  4819  
                          3  3  3  3  3  3  3  3  3  3  3  3  3  3  3  3  3  3  3  3  3  3  3  2  2  2  2  2  2  2  2  2  2  2  2  2  2  2  2  2  2  2  2  2  2  2  2  2  2  2  2  2  2  2  2  2  2  2  2  2  2  2  2  2  2  2  2  2  2  2  2  2  2  2  2  2  2  2  2  2  2  7  7  7  7  4505  7  4819  4819  4819  4819  4505  4505  4505  4505  4505  4505  4505  4819  4819  
                          3  3  3  3  3  3  3  3  3  3  3  3  3  3  3  3  3  3  3  3  3  3  3  3  2  2  2  2  2  2  2  2  2  2  2  2  2  2  2  2  2  2  2  2  2  2  2  2  2  2  2  2  2  2  2  2  2  2  2  2  2  2  2  2  2  2  2  2  2  2  2  2  2  2  2  2  2  2  2  2  2  7  7  7  7  4505  7  4819  4819  4819  4819  4505  4505  4505  4505  4505  4505  4505  4819  4819  
                          3  3  3  3  3  3  3  3  3  3  3  3  3  3  3  3  3  3  3  3  3  3  3  3  2  2  2  2  2  2  2  2  2  2  2  2  2  2  2  2  2  2  2  2  2  2  2  2  2  2  2  2  2  2  2  2  2  2  2  2  2  2  2  2  2  2  2  2  2  2  2  2  2  2  2  2  2  2  2  2  2  7  7  7  4505  4505  7  4819  4819  4819  4819  4505  4505  4505  4505  4505  4505  4505  4505  4819  
                          3  3  3  3  3  3  3  3  3  3  3  3  3  3  3  3  3  3  3  3  3  3  3  3  3  2  2  2  2  2  2  2  2  2  2  2  2  2  2  2  2  2  2  2  2  2  2  2  2  2  2  2  2  2  2  2  2  2  2  2  2  2  2  2  2  2  2  2  2  2  2  2  2  2  2  2  2  2  2  2  7  7  7  7  4505  7  7  4819  4819  4819  4819  4819  4505  4505  4505  4505  4505  4505  4505  4819  
                          3  3  3  3  3  3  3  3  3  3  3  3  3  3  3  3  3  3  3  3  3  3  3  3  3  3  2  2  2  2  2  2  2  2  2  2  2  2  2  2  2  2  2  2  2  2  2  2  2  2  2  2  2  2  2  2  2  2  2  2  2  2  2  2  2  2  2  2  2  2  2  2  2  2  2  2  2  2  2  2  7  7  7  7  4505  7  4819  4819  4819  4819  4819  4819  4505  4505  4505  4505  4505  4505  4819  4819  
                          3  3  3  3  3  3  3  3  3  3  3  3  3  3  3  3  3  3  3  3  3  3  3  3  3  3  2  2  2  2  2  2  2  2  2  2  2  2  2  2  2  2  2  2  2  2  2  2  2  2  2  2  2  2  2  2  2  2  2  2  2  2  2  2  2  2  2  2  2  2  2  2  2  2  2  2  2  2  2  7  7  7  7  4505  4505  7  4819  4819  4819  4819  4819  4819  4819  4819  4505  4505  4819  4819  4819  4819  
                          3  3  3  3  3  3  3  3  3  3  3  3  3  3  3  3  3  3  3  3  3  3  3  3  3  3  3  2  2  2  2  2  2  2  2  2  2  2  2  2  2  2  2  2  2  2  2  2  2  2  2  2  2  2  2  2  2  2  2  2  2  2  2  2  2  2  2  2  2  2  2  2  2  2  2  2  2  7  7  7  7  7  7  4505  7  7  4819  4819  4819  4819  4819  4819  4819  4819  4505  4505  4819  4819  4819  4819  
                          3  3  3  3  3  3  3  3  3  3  3  3  3  3  3  3  3  3  3  3  3  3  3  3  3  3  3  3  2  2  2  2  2  2  2  2  2  2  2  2  2  2  2  2  2  2  2  2  2  2  2  2  2  2  2  2  2  2  2  2  2  2  2  2  2  2  2  2  2  2  2  2  2  2  2  2  7  7  7  7  7  7  4505  4505  7  4819  4819  4819  4819  4819  4819  4819  4819  4819  4505  4505  4819  4819  4819  4819  
                          3  3  3  3  3  3  3  3  3  3  3  3  3  3  3  3  3  3  3  3  3  3  3  3  3  3  3  3  3  2  2  2  2  2  2  2  2  2  2  2  2  2  2  2  2  2  2  2  2  2  2  2  2  2  2  2  2  2  2  2  2  2  2  2  2  2  2  2  2  2  2  2  2  2  2  7  7  7  7  7  7  7  4505  7  7  4819  4819  4819  4819  4819  4819  4819  4819  4505  4505  4505  4819  4819  4819  4819  
                          3  3  3  3  3  3  3  3  3  3  3  3  3  3  3  3  3  3  3  3  3  3  3  3  3  3  3  3  3  2  2  2  2  2  2  2  2  2  2  2  2  2  2  2  2  2  2  2  2  2  2  2  2  2  2  2  2  2  2  2  2  2  2  2  2  2  2  2  2  2  2  2  2  2  2  7  7  7  7  7  7  4505  4505  7  4819  4819  4819  4819  4819  4819  4819  4819  4819  4505  4505  4505  4819  4819  4819  4819  
                          3  3  3  3  3  3  3  3  3  3  3  3  3  3  3  3  3  3  3  3  3  3  3  3  3  3  3  3  3  2  2  2  2  2  2  2  2  2  2  2  2  2  2  2  2  2  2  2  2  2  2  2  2  2  2  2  2  2  2  2  2  2  2  2  2  2  2  2  2  2  2  2  2  2  7  7  7  7  7  7  7  4505  7  7  4819  4819  4819  4819  4819  4819  4819  4819  4819  4505  4505  4505  4819  4819  4819  4819  
                          3  3  3  3  3  3  3  3  3  3  3  3  3  3  3  3  3  3  3  3  3  3  3  3  3  3  3  3  3  3  2  2  2  2  2  2  2  2  2  2  2  2  2  2  2  2  2  2  2  2  2  2  2  2  2  2  2  2  2  2  2  2  2  2  2  2  2  2  2  2  2  2  2  7  7  7  7  7  7  7  7  4505  7  4819  4819  4819  4819  4819  4819  4819  4819  4819  4819  4505  4505  4505  4819  4819  4819  4819  
                          3  3  3  3  3  3  3  3  3  3  3  3  3  3  3  3  3  3  3  3  3  3  3  3  3  3  3  3  3  3  2  2  2  2  2  2  2  2  2  2  2  2  2  2  2  2  2  2  2  2  2  2  2  2  2  2  2  2  2  2  2  2  2  2  2  2  2  2  2  2  2  2  7  7  7  7  7  7  7  7  7  4505  7  4819  4819  4819  4819  4819  4819  4819  4819  4819  4505  4505  4505  4505  4819  4819  4819  4819  
                          3  3  3  3  3  3  3  3  3  3  3  3  3  3  3  3  3  3  3  3  3  3  3  3  3  3  3  3  3  3  2  2  2  2  2  2  2  2  2  2  2  2  2  2  2  2  2  2  2  2  2  2  2  2  2  2  2  2  2  2  2  2  2  2  2  2  2  2  2  2  2  7  7  7  7  7  7  7  7  7  4505  4505  7  4819  4819  4819  4819  4819  4819  4819  4819  4819  4505  4505  4505  4819  4819  4819  4819  4819  
                          3  3  3  3  3  3  3  3  3  3  3  3  3  3  3  3  3  3  3  3  3  3  3  3  3  3  3  3  3  3  3  2  2  2  2  2  2  2  2  2  2  2  2  2  2  2  2  2  2  2  2  2  2  2  2  2  2  2  2  2  2  2  2  2  2  2  2  2  2  7  7  7  7  7  7  7  7  7  7  7  4505  4505  7  4819  4819  4819  4819  4819  4819  4819  4819  4819  4505  4505  4505  4819  4819  4819  4819  4819  
                          3  3  3  3  3  3  3  3  3  3  3  3  3  3  3  3  3  3  3  3  3  3  3  3  3  3  3  3  3  3  3  2  2  2  2  2  2  2  2  2  2  2  2  2  2  2  2  2  2  2  2  2  2  2  2  2  2  2  2  2  2  2  2  2  2  2  2  7  7  7  7  7  7  7  7  7  7  7  7  4505  4505  7  7  4819  4819  4819  4819  4819  4819  4819  4819  4505  4505  4505  4819  4819  4819  4819  4819  4819  
                          3  3  3  3  3  3  3  3  3  3  3  3  3  3  3  3  3  3  3  3  3  3  3  3  3  3  3  3  3  3  3  2  2  2  2  2  2  2  2  2  2  2  2  2  2  2  2  2  2  2  2  2  2  2  2  2  2  2  2  2  2  2  2  2  2  2  7  7  7  7  7  7  7  7  7  7  7  7  7  4505  7  4819  4819  4819  4819  4819  4819  4819  4819  4819  4819  4505  4505  4505  4819  4819  4819  4819  4819  4819  
                          3  3  3  3  3  3  3  3  3  3  3  3  3  3  3  3  3  3  3  3  3  3  3  3  3  3  3  3  3  3  3  2  2  2  2  2  2  2  2  2  2  2  2  2  2  2  2  2  2  2  2  2  2  3  3  3  3  3  3  3  3  2  2  2  7  7  7  7  7  7  7  7  7  7  7  7  7  7  4505  4505  7  4819  4819  4819  4819  4819  4819  4819  4819  4819  4505  4505  4505  4505  4819  4819  4819  4819  4819  4819  
                          3  3  3  3  3  3  3  3  3  3  3  3  3  3  3  3  3  3  3  3  3  3  3  3  3  3  3  3  3  3  3  2  2  2  2  2  2  2  2  2  2  2  2  2  2  2  2  2  2  2  2  2  3  3  3  3  3  3  3  3  3  7  7  7  7  7  7  7  7  7  7  7  7  7  7  7  7  7  4505  7  4819  4819  4819  4819  4819  4819  4819  4819  4819  4819  4505  4505  4505  4505  4819  4819  4819  4819  4819  4819  
                          3  3  3  3  3  3  3  3  3  3  3  3  3  3  3  3  3  3  3  3  3  3  3  3  3  3  3  3  3  3  3  3  2  2  2  2  2  2  2  2  2  2  2  2  2  2  2  2  2  2  2  3  3  3  3  3  3  3  3  3  7  7  7  7  7  7  7  7  7  7  7  7  7  7  7  7  7  4505  4505  7  4819  4819  4819  4819  4819  4819  4819  4819  4819  4505  4505  4505  4505  4505  4819  4819  4819  4819  4819  4819  
                          3  3  3  3  3  3  3  3  3  3  3  3  3  3  3  3  3  3  3  3  3  3  3  3  3  3  3  3  3  3  3  3  3  2  2  2  2  2  2  2  2  2  2  2  2  2  2  2  2  2  3  3  3  3  3  3  3  3  3  3  7  7  7  7  7  7  7  7  7  7  7  7  7  7  7  7  7  4505  7  7  4819  4819  4819  4819  4819  4819  4819  4819  4505  4505  4505  4505  4505  4505  4819  4819  4819  4819  4819  4819  
                          3  3  3  3  3  3  3  3  3  3  3  3  3  3  3  3  3  3  3  3  3  3  3  3  3  3  3  3  3  3  3  3  3  2  2  2  2  2  2  2  2  2  2  2  2  2  2  2  2  3  3  3  3  3  3  3  3  3  3  3  7  7  7  7  7  7  7  7  7  7  7  7  7  7  7  7  4505  4505  7  4819  4819  4819  4819  4819  4819  4819  4819  4505  4505  4505  4505  4505  4505  4819  4819  4819  4819  4819  4819  4819  
                          3  3  3  3  3  3  3  3  3  3  3  3  3  3  3  3  3  3  3  3  3  3  3  3  3  3  3  3  3  3  3  3  3  3  3  3  2  2  3  3  3  3  3  3  3  2  2  3  3  3  3  3  3  3  3  3  3  3  3  3  7  7  7  7  7  7  7  7  7  7  7  7  7  7  7  7  4505  7  7  4819  4819  4819  4819  4819  4819  4819  4505  4505  4505  4505  4505  4505  4819  4819  4819  4819  4819  4819  4819  4819  
                          3  3  3  3  3  3  3  3  3  3  3  3  3  3  3  3  3  3  3  3  3  3  3  3  3  3  3  3  3  3  3  3  3  3  3  3  3  3  3  3  3  3  3  3  3  3  3  3  3  3  3  3  3  3  3  3  3  3  3  3  7  7  7  7  7  7  7  7  7  7  7  7  7  7  7  7  4505  7  4819  4819  4819  4819  4819  4819  4819  4819  4505  4505  4505  4505  4505  4505  4819  4819  4819  4819  4819  4819  4819  4819  
                          3  3  3  3  3  3  3  3  3  3  3  3  3  3  3  3  3  3  3  3  3  3  3  3  3  3  3  3  3  3  3  3  3  3  3  3  3  3  3  3  3  3  3  3  3  3  3  3  3  3  3  3  3  3  3  3  3  3  3  3  7  7  7  7  7  7  7  7  7  7  7  7  7  7  7  7  4505  7  4819  4819  4819  4819  4819  4819  4505  4505  4505  4505  4505  4505  4505  4505  4819  4819  4819  4819  4819  4819  4819  4819  
                          3  3  3  3  3  3  3  3  3  3  3  3  3  3  3  3  3  3  3  3  3  3  3  3  3  3  3  3  3  3  3  3  3  3  3  3  3  3  3  3  3  3  3  3  3  3  3  3  3  3  3  3  3  3  3  3  3  3  3  3  7  7  7  7  7  7  7  7  7  7  7  7  7  7  7  4505  4505  4819  4819  4819  4819  4819  4819  4505  4505  4505  4505  4505  4505  4505  4505  4505  4819  4819  4819  4819  4819  4819  4819  4819  
                          3  3  3  3  3  3  3  3  3  3  3  3  3  3  3  3  3  3  3  3  3  3  3  3  3  3  3  3  3  3  3  3  3  3  3  3  3  3  3  3  3  3  3  3  3  3  3  3  3  3  3  3  3  3  3  3  3  3  3  3  7  7  7  7  7  7  7  7  7  7  7  7  7  7  4505  4505  4505  4505  4819  4819  4819  4819  4505  4505  4505  4505  4505  4505  4505  4505  4505  4505  4819  4819  4819  4819  4819  4819  4819  4819  
                          3  3  3  3  3  3  3  3  3  3  3  3  3  3  3  3  3  3  3  3  3  3  3  3  3  3  3  3  3  3  3  3  3  3  3  3  3  3  3  3  3  3  3  3  3  3  3  3  3  3  3  3  3  3  3  3  3  3  3  3  7  7  7  7  7  7  7  7  7  7  7  7  7  7  4505  4505  4505  4505  4505  4819  4819  4505  4505  4505  4505  4505  4505  4505  4505  4505  4505  4505  4505  4819  4819  4819  4819  4819  4819  4819  
                          3  3  3  3  3  3  3  3  3  3  3  3  3  3  3  3  3  3  3  3  3  3  3  3  3  3  3  3  3  3  3  3  3  3  3  3  3  3  3  3  3  3  3  3  3  3  3  3  3  3  3  3  3  3  3  3  3  3  3  3  7  7  7  7  7  7  7  7  7  7  7  7  7  4505  4505  4505  4819  4505  4505  4505  4505  4505  4505  4505  4505  4505  4505  4505  4505  4505  4505  4505  4505  4505  4819  4819  4819  4819  4819  4819  
                          3  3  3  3  3  3  3  3  3  3  3  3  3  3  3  3  3  3  3  3  3  3  3  3  3  3  3  3  3  3  3  3  3  3  3  3  3  3  3  3  3  3  3  3  3  3  3  3  3  3  3  3  3  3  3  3  3  3  3  3  7  7  7  7  7  7  7  7  7  7  7  7  7  4505  4505  7  4819  4505  4505  4505  4505  4505  4505  4505  4505  4505  4505  4505  4505  4505  4505  4505  4505  4505  4819  4819  4819  4819  4819  4819  
                          3  3  3  3  3  3  3  3  3  3  3  3  3  3  3  3  3  3  3  3  3  3  3  3  3  3  3  3  3  3  3  3  3  3  3  3  3  3  3  3  3  3  3  3  3  3  3  3  3  3  3  3  3  3  3  3  3  3  3  3  7  7  7  7  7  7  7  7  7  7  7  7  7  4505  7  7  4819  4819  4505  4505  4505  4505  4505  4505  4505  4505  4505  4505  4505  4505  4505  4505  4505  4505  4819  4819  4819  4819  4819  4819  
                          3  3  3  3  3  3  3  3  3  3  3  3  3  3  3  3  3  3  3  3  3  3  3  3  3  3  3  3  3  3  3  3  3  3  3  3  3  3  3  3  3  3  3  3  3  3  3  3  3  3  3  3  3  3  3  3  3  3  3  7  7  7  7  7  7  7  7  7  7  7  7  7  7  4505  7  4819  4819  4819  4819  4505  4505  4505  4505  4505  4505  4505  4505  4505  4505  4505  4505  4505  4505  4505  4819  4819  4819  4819  4819  4819  
                          3  3  3  3  3  3  3  3  3  3  3  3  3  3  3  3  3  3  3  3  3  3  3  3  3  3  3  3  3  3  3  3  3  3  3  3  3  3  3  3  3  3  3  3  3  3  3  3  3  3  3  3  3  3  3  3  3  3  7  7  7  7  7  7  7  7  7  7  7  7  7  7  4505  4505  7  4819  4819  4819  4819  4505  4505  4505  4505  4505  4505  4505  4505  4505  4505  4505  4505  4505  4505  4505  4819  4819  4819  4819  4819  4819  
                          3  3  3  3  3  3  3  3  3  3  3  3  3  3  3  3  3  3  3  3  3  3  3  3  3  3  3  3  3  3  3  3  3  3  3  3  3  3  3  3  3  3  3  3  3  3  3  3  3  3  3  3  3  3  3  3  3  3  7  7  7  7  7  7  7  7  7  7  7  7  7  7  4505  7  7  4819  4819  4819  4819  4505  4505  4505  4505  4505  4505  4505  4505  4505  4505  4505  4505  4505  4505  4505  4819  4819  4819  4819  4819  4819  
                          3  3  3  3  3  3  3  3  3  3  3  3  3  3  3  3  3  3  3  3  3  3  3  3  3  3  3  3  3  3  3  3  3  3  3  3  3  3  3  3  3  3  3  3  3  3  3  3  3  3  3  3  3  3  3  3  3  3  3  7  7  7  7  7  7  7  7  7  7  7  7  4505  4505  7  4819  4819  4819  4819  4505  4505  4505  4505  4505  4505  4505  4505  4505  4505  4505  4505  4505  4505  4505  4505  4819  4819  4819  4819  4819  4819  
                          3  3  3  3  3  3  3  3  3  3  3  3  3  3  3  3  3  3  3  3  3  3  3  3  3  3  3  3  3  3  3  3  3  3  3  3  3  3  3  3  3  3  3  3  3  3  3  3  3  3  3  3  3  3  3  3  3  3  3  7  7  7  7  7  7  7  7  7  7  7  7  4505  7  7  4819  4819  4819  4819  4505  4505  4505  4505  4505  4505  4505  4505  4505  4505  4505  4505  4505  4505  4505  4505  4819  4819  4819  4819  4819  4819  
                          3  3  3  3  3  3  3  3  3  3  3  3  3  3  3  3  3  3  3  3  3  3  3  3  3  3  3  3  3  3  3  3  3  3  3  3  3  3  3  3  3  3  3  3  3  3  3  3  3  3  3  3  3  3  3  3  3  3  3  7  7  7  7  7  7  7  7  7  7  7  4505  4505  7  4819  4819  4819  4819  4819  4505  4505  4505  4505  4505  4505  4505  4505  4505  4505  4505  4505  4505  4505  4505  4819  4819  4819  4819  4819  4819  4819  
                          3  3  3  3  3  3  3  3  3  3  3  3  3  3  3  3  3  3  3  3  3  3  3  3  3  3  3  3  3  3  3  3  3  3  3  3  3  3  3  3  3  3  3  3  3  3  3  3  3  3  3  3  3  3  3  3  3  3  3  7  7  7  7  7  7  7  7  7  7  7  4505  7  7  4819  4819  4819  4819  4819  4505  4505  4505  4505  4505  4505  4505  4505  4505  4505  4505  4505  4505  4505  4505  4819  4819  4819  4819  4819  4819  4819  
                          3  3  3  3  3  3  3  3  3  3  3  3  3  3  3  3  3  3  3  3  3  3  3  3  3  3  3  3  3  3  3  3  3  3  3  3  3  3  3  3  3  3  3  3  3  3  3  3  3  3  3  3  3  3  3  3  3  3  3  7  7  7  7  7  7  7  7  7  7  7  4505  7  4819  4819  4819  4819  4819  4819  4505  4505  4505  4505  4505  4505  4505  4505  4505  4505  4505  4505  4505  4505  4505  4819  4819  4819  4819  4819  4819  4819  
                          3  3  3  3  3  3  3  3  3  3  3  3  3  3  3  3  3  3  3  3  3  3  3  3  3  3  3  3  3  3  3  3  3  3  3  3  3  3  3  3  3  3  3  3  3  3  3  3  3  3  3  3  3  3  3  3  3  3  3  7  7  7  7  7  7  7  7  7  7  7  4505  7  4819  4819  4819  4819  4819  4819  4505  4505  4505  4505  4505  4505  4505  4505  4505  4505  4505  4505  4505  4505  4819  4819  4819  4819  4819  4819  4819  4819  
                          3  3  3  3  3  3  3  3  3  3  3  3  3  3  3  3  3  3  3  3  3  3  3  3  3  3  3  3  3  3  3  3  3  3  3  3  3  3  3  3  3  3  3  3  3  3  3  3  3  3  3  3  3  3  3  3  3  3  3  3  7  7  7  7  7  7  7  7  7  4505  4505  7  4819  4819  4819  4819  4819  4819  4505  4505  4505  4505  4505  4505  4505  4505  4505  4505  4505  4505  4505  4505  4819  4819  4819  4819  4819  4819  4819  4819  
                          3  3  3  3  3  3  3  3  3  3  3  3  3  3  3  3  3  3  3  3  3  3  3  3  3  3  3  3  3  3  3  3  3  3  3  3  3  3  3  3  3  3  3  3  3  3  3  3  3  3  3  3  3  3  3  3  3  3  3  3  3  7  7  7  7  7  7  7  7  4505  4505  7  4819  4819  4819  4819  4819  4819  4505  4505  4505  4505  4505  4505  4505  4505  4505  4505  4505  4505  4505  4819  4819  4819  4819  4819  4819  4819  4819  4819  
                          3  3  3  3  3  3  3  3  3  3  3  3  3  3  3  3  3  3  3  3  3  3  3  3  3  3  3  3  3  3  3  3  3  3  3  3  3  3  3  3  3  3  3  3  3  3  3  3  3  3  3  3  3  3  3  3  3  3  3  3  3  7  7  7  7  7  7  7  7  4505  7  4819  4819  4819  4819  4819  4819  4819  4505  4505  4505  4505  4505  4505  4505  4505  4505  4505  4505  4505  4505  4819  4819  4819  4819  4819  4819  4819  4819  4819  
                          3  3  3  3  3  3  3  3  3  3  3  3  3  3  3  3  3  3  3  3  3  3  3  3  3  3  3  3  3  3  3  3  3  3  3  3  3  3  3  3  3  3  3  3  3  3  3  3  3  3  3  3  3  3  3  3  3  3  3  3  3  3  7  7  7  7  7  7  7  4505  7  4819  4819  4819  4819  4819  4819  4819  4819  4505  4505  4505  4505  4505  4505  4505  4505  4505  4505  4505  4505  4819  4819  4819  4819  4819  4819  4819  4819  4819  
                          3  3  3  3  3  3  3  3  3  3  3  3  3  3  3  3  3  3  3  3  3  3  3  3  3  3  3  3  3  3  3  3  3  3  3  3  3  3  3  3  3  3  3  3  3  3  3  3  3  3  3  3  3  3  3  3  3  3  3  3  3  3  7  7  7  7  7  7  7  4505  7  4819  4819  4819  4819  4819  4819  4819  4819  4819  4505  4505  4505  4505  4505  4505  4505  4505  4505  4505  4505  4505  4819  4819  4819  4819  4819  4819  4819  4819  
                          3  3  3  3  3  3  3  3  3  3  3  3  3  3  3  3  3  3  3  3  3  3  3  3  3  3  3  3  3  3  3  3  3  3  3  3  3  3  3  3  3  3  3  3  3  3  3  3  3  3  3  3  3  3  3  3  3  3  3  3  3  3  7  7  7  7  7  7  4505  4505  7  4819  4819  4819  4819  4819  4819  4819  4819  4819  4505  4505  4505  4505  4505  4505  4505  4505  4819  4505  4505  4505  4505  4505  4505  4819  4819  4819  4819  4819  
                          3  3  3  3  3  3  3  3  3  3  3  3  3  3  3  3  3  3  3  3  3  3  3  3  3  3  3  3  3  3  3  3  3  3  3  3  3  3  3  3  3  3  3  3  3  3  3  3  3  3  3  3  3  3  3  3  3  3  3  3  3  3  7  7  7  7  7  7  4505  4505  7  4819  4819  4819  4819  4819  4819  4819  4819  4819  4505  4505  4505  4505  4505  4505  4819  4819  4819  4819  4505  4505  4505  4505  4505  4505  4819  4819  4819  4819  
                          3  3  3  3  3  3  3  3  3  3  3  3  3  3  3  3  3  3  3  3  3  3  3  3  3  3  3  3  3  3  3  3  3  3  3  3  3  3  3  3  3  3  3  3  3  3  3  3  3  3  3  3  3  3  3  3  3  3  3  3  3  7  7  7  7  7  7  7  4505  7  7  4819  4819  4819  4819  4819  4819  4505  4505  4505  4505  4505  4819  4505  4505  4819  4819  4819  4819  4819  4819  4819  4505  4505  4505  4505  4505  4819  4819  4819  
                          3  3  3  3  3  3  3  3  3  3  3  3  3  3  3  3  3  3  3  3  3  3  3  3  3  3  3  3  3  3  3  3  3  3  3  3  3  3  3  3  3  3  3  3  3  3  3  3  3  3  3  3  3  3  3  3  3  3  3  3  3  7  7  7  7  7  7  7  4505  7  4819  4819  4819  4819  4819  4819  4505  4505  4505  4505  4505  4505  4819  4819  4819  4819  4819  4819  4819  4819  4819  4819  4505  4505  4505  4505  4505  4819  4819  4819  
                          3  3  3  3  3  3  3  3  3  3  3  3  3  3  3  3  3  3  3  3  3  3  3  3  3  3  3  3  3  3  3  3  3  3  3  3  3  3  3  3  3  3  3  3  3  3  3  3  3  3  3  3  3  3  3  3  3  3  3  3  7  7  7  7  7  7  7  7  4505  7  4819  4819  4819  4819  4819  4819  4505  4505  4505  4505  4819  4819  4819  4819  4819  4819  4819  4819  4819  4819  4819  4819  4505  4505  4505  4505  4505  4819  4819  4819  
                          3  3  3  3  3  3  3  3  3  3  3  3  3  3  3  3  3  3  3  3  3  3  3  3  3  3  3  3  3  3  3  3  3  3  3  3  3  3  3  3  3  3  3  3  3  3  3  3  3  3  3  3  3  3  3  3  3  3  3  3  7  7  7  7  7  7  7  7  4505  7  4819  4819  4819  4819  4819  4819  4505  4505  4505  4505  4819  4819  4819  4819  4819  4819  4819  4819  4819  4819  4819  4819  4819  4505  4505  4505  4505  4819  4819  4819  
                          3  3  3  3  3  3  3  3  3  3  3  3  3  3  3  3  3  3  3  3  3  3  3  3  3  3  3  3  3  3  3  3  3  3  3  3  3  3  3  3  3  3  3  3  3  3  3  3  3  3  3  3  3  3  3  3  3  3  3  3  7  7  7  7  7  7  7  7  4505  7  4819  4819  4819  4819  4819  4819  4505  4505  4819  4819  4819  4819  4819  4819  4819  4819  4819  4819  4819  4819  4819  4819  4819  4819  4819  4819  4819  4819  4819  4819  
                          3  3  3  3  3  3  3  3  3  3  3  3  3  3  3  3  3  3  3  3  3  3  3  3  3  3  3  3  3  3  3  3  3  3  3  3  3  3  3  3  3  3  3  3  3  3  3  3  3  3  3  3  3  3  3  3  3  3  3  3  7  7  7  7  7  7  7  7  4505  7  4819  4819  4819  4819  4819  4819  4819  4819  4819  4819  4819  4819  4819  4819  4819  4819  4819  4819  4819  4819  4819  4819  4819  4819  4819  4819  4819  4819  4819  4819  
                          3  3  3  3  3  3  3  3  3  3  3  3  3  3  3  3  3  3  3  3  3  3  3  3  3  3  3  3  3  3  3  3  3  3  3  3  3  3  3  3  3  3  3  3  3  3  3  3  3  3  3  3  3  3  3  3  3  3  3  4  7  7  7  7  7  7  7  7  4505  7  4819  4819  4819  4819  4819  4819  4819  4819  4819  4819  4819  4819  4819  4819  4819  4819  4819  4819  4819  4819  4819  4819  4819  4819  4819  4819  4819  4819  4819  4819 